[1;33m<--- Start CMake --->[0m
-- Found installed version of Eigen: /usr/share/eigen3/cmake
-- Found required Ceres dependency: Eigen version 3.4.0 in /usr/include/eigen3
-- Found installed version of glog: /usr/lib/x86_64-linux-gnu/cmake/glog
-- Detected glog version: 0.4.0
-- Found required Ceres dependency: glog
-- Found installed version of gflags: /usr/lib/x86_64-linux-gnu/cmake/gflags
-- Detected gflags version: 2.2.2
-- Found required Ceres dependency: gflags
-- Found Ceres version: 1.14.0 installed in: /usr/local with components: [EigenSparse, SparseLinearAlgebraLibrary, LAPACK, CXSparse, SchurSpecializations, OpenMP, Multithreading]
-- Using the single-header code from /home/gkd/Opencl_vision/TJURM-2024-gkd/libs/json/single_include/
-- Configuring done
-- Generating done
-- Build files have been written to: /home/gkd/Opencl_vision/TJURM-2024-gkd/build
[1;33m
<--- Start Make --->[0m
Consolidate compiler generated dependencies of target data_manager
[ 10%] Built target data_manager
Consolidate compiler generated dependencies of target garage
[ 22%] Built target garage
Consolidate compiler generated dependencies of target threads
[ 75%] Built target threads
Consolidate compiler generated dependencies of target TJURM-2024
[100%] Built target TJURM-2024
[1;33m
<--- Total Lines --->[0m
[1;34m        4588[0m
参数已从 /etc/openrm/forward_config/config.yaml 加载
trans_pnp2head
  1   0   0 100
  0   1   0  70
  0   0   1  40
  0   0   0   1
rotate_pnp2hea
1 0 0
0 1 0
0 0 1
intrinsic_matrix
[1782.287598580816, 0, 775.2202834518628;
 0, 1780.602776868354, 512.4263814133535;
 0, 0, 1]
distortion_coeffs
[-0.09886533334998682, 0.1148079037216625, -0.01074874429482955, 0.005605728296555071, 0.1165035393232818]
Main thread hang up!
[device 0]:
Device Model Name: MV-CS016-10UC
UserDefinedName: 

pos camera 
1172.23
246.456
59.0959
      1
pos gimbal? 
1272.23
316.456
99.0959
      1
rotate to world 
  0.187156  -0.982322 0.00396503          0
  0.982102   0.187198  0.0208065          0
 -0.021181          0   0.999776          0
         0          0          0          1
pose to world? 
-72.364
1310.76
72.1267
      1
yaw 	-1.38249
pitch 	0.0211825
pos camera 
1167.71
246.022
59.0867
      1
pos gimbal? 
1267.71
316.022
99.0867
      1
rotate to world 
  0.187142  -0.982325 0.00397983          0
  0.982103   0.187185  0.0208857          0
-0.0212615          0   0.999774          0
         0          0          0          1
pose to world? 
-72.8009
 1306.24
  72.111
       1
yaw 	-1.3825
pitch 	0.0212631
pos camera 
1182.43
250.077
59.3291
      1
pos gimbal? 
1282.43
320.077
99.3291
      1
rotate to world 
  0.187107  -0.982331 0.00399471          0
  0.982108    0.18715  0.0209678          0
-0.0213449          0   0.999772          0
         0          0          0          1
pose to world? 
-74.0734
 1321.47
 71.9331
       1
yaw 	-1.38254
pitch 	0.0213466
pos camera 
1167.68
247.807
58.6591
      1
pos gimbal? 
1267.68
317.807
98.6591
      1
rotate to world 
  0.187133  -0.982327 0.00383747          0
  0.982121   0.187173    0.02014          0
-0.0205023          0    0.99979          0
         0          0          0          1
pose to world? 
-74.5864
 1306.49
 72.6479
       1
yaw 	-1.38251
pitch 	0.0205038
pos camera 
1158.61
246.545
58.4837
      1
pos gimbal? 
1258.61
316.545
98.4837
      1
rotate to world 
  0.187134  -0.982325 0.00417691          0
  0.982081   0.187181  0.0219204          0
-0.0223148          0   0.999751          0
         0          0          0          1
pose to world? 
-75.0102
 1297.46
 70.3736
       1
yaw 	-1.3825
pitch 	0.0223167
pos camera 
1168.78
248.643
58.9321
      1
pos gimbal? 
1268.78
318.643
98.9321
      1
rotate to world 
   0.18717  -0.982321 0.00370652          0
  0.982128   0.187206  0.0194491          0
-0.0197991          0   0.999804          0
         0          0          0          1
pose to world? 
-75.1655
 1307.68
  73.792
       1
yaw 	-1.38248
pitch 	0.0198004
pos camera 
1199.31
255.653
59.4797
      1
pos gimbal? 
1299.31
325.653
99.4797
      1
rotate to world 
  0.188412  -0.982086 0.00282628          0
  0.981976   0.188433  0.0147301          0
-0.0149988          0   0.999888          0
         0          0          0          1
pose to world? 
-74.7321
 1338.72
 79.9803
       1
yaw 	-1.38123
pitch 	0.0149994
pos camera 
1140.14
 245.61
60.7644
      1
pos gimbal? 
1240.14
 315.61
100.764
      1
rotate to world 
  0.186588  -0.982425  0.0050768          0
  0.982062   0.186657  0.0267205          0
-0.0271985          0    0.99963          0
         0          0          0          1
pose to world? 
-78.1564
  1279.5
 66.9972
       1
yaw 	-1.38304
pitch 	0.0272019
pos camera 
1146.71
246.761
61.9682
      1
pos gimbal? 
1246.71
316.761
101.968
      1
rotate to world 
   0.18731  -0.982295 0.00331305          0
  0.982142   0.187339  0.0173716          0
-0.0176847          0   0.999844          0
         0          0          0          1
pose to world? 
-77.2935
 1285.56
 79.9045
       1
yaw 	-1.38234
pitch 	0.0176857
pos camera 
1151.73
248.689
59.3028
      1
pos gimbal? 
1251.73
318.689
99.3028
      1
rotate to world 
  0.188041  -0.982155 0.00347132          0
  0.981988   0.188073  0.0181279          0
-0.0184573          0    0.99983          0
         0          0          0          1
pose to world? 
 -77.28
1290.93
76.1822
      1
yaw 	-1.3816
pitch 	0.0184584
pos camera 
1171.27
250.134
62.6848
      1
pos gimbal? 
1271.27
320.134
102.685
      1
rotate to world 
  0.187023  -0.982341 0.00539915          0
  0.981932   0.187101  0.0283472          0
-0.0288568          0   0.999584          0
         0          0          0          1
pose to world? 
-76.1698
 1311.11
 65.9574
       1
yaw 	-1.38259
pitch 	0.0288608
pos camera 
1176.61
251.651
62.3695
      1
pos gimbal? 
1276.61
321.651
 102.37
      1
rotate to world 
   0.18714  -0.982316 0.00583484          0
  0.981839   0.187231  0.0306128          0
-0.0311639          0   0.999514          0
         0          0          0          1
pose to world? 
-76.4608
 1316.78
 62.5356
       1
yaw 	-1.38245
pitch 	0.0311689
pos camera 
 1158.2
247.527
61.7198
      1
pos gimbal? 
 1258.2
317.527
 101.72
      1
rotate to world 
  0.187892  -0.982175 0.00536016          0
  0.981776   0.187969  0.0280079          0
-0.0285162          0   0.999593          0
         0          0          0          1
pose to world? 
-74.9157
 1297.81
 65.7992
       1
yaw 	-1.3817
pitch 	0.0285201
pos camera 
 1139.3
242.593
60.3231
      1
pos gimbal? 
 1239.3
312.593
100.323
      1
rotate to world 
  0.189197  -0.981924 0.00539676          0
  0.981525   0.189274  0.0279975          0
-0.0285129          0   0.999593          0
         0          0          0          1
pose to world? 
-71.929
1278.38
64.9463
      1
yaw 	-1.38037
pitch 	0.0285168
pos camera 
1130.36
240.129
62.3998
      1
pos gimbal? 
1230.36
310.129
  102.4
      1
rotate to world 
  0.190808  -0.981609 0.00603655          0
  0.981118   0.190903  0.0310394          0
 -0.031621          0     0.9995          0
         0          0          0          1
pose to world? 
-69.0449
 1269.51
 63.4434
       1
yaw 	-1.37871
pitch 	0.0316262
pos camera 
1162.67
246.253
 70.597
      1
pos gimbal? 
1262.67
316.253
110.597
      1
rotate to world 
  0.192612  -0.981255 0.00632815          0
  0.980726   0.192716  0.0322212          0
-0.0328367          0   0.999461          0
         0          0          0          1
pose to world? 
-66.4193
 1302.85
 69.0753
       1
yaw 	-1.37687
pitch 	0.0328426
pos camera 
1204.77
251.195
81.5854
      1
pos gimbal? 
1304.77
321.195
121.585
      1
rotate to world 
  0.199232  -0.979917  0.0083512          0
  0.979057   0.199407  0.0410392          0
-0.0418803          0   0.999123          0
         0          0          0          1
pose to world? 
-53.7777
 1346.48
 66.8347
       1
yaw 	-1.37004
pitch 	0.0418925
pos camera 
1185.61
242.228
 86.271
      1
pos gimbal? 
1285.61
312.228
126.271
      1
rotate to world 
  0.202725  -0.979189 0.00954832          0
  0.978105    0.20295  0.0460685          0
-0.0470476          0   0.998893          0
         0          0          0          1
pose to world? 
-43.8987
 1326.65
 65.6462
       1
yaw 	-1.36643
pitch 	0.047065
pos camera 
1269.91
258.039
98.0462
      1
pos gimbal? 
1369.91
328.039
138.046
      1
rotate to world 
 0.203995 -0.978914 0.0106575         0
 0.977581  0.204273 0.0510729         0
-0.052173         0  0.998638         0
        0         0         0         1
pose to world? 
-40.1955
 1413.26
 66.3856
       1
yaw 	-1.36508
pitch 	0.0521967
pos camera 
1223.75
244.381
102.052
      1
pos gimbal? 
1323.75
314.381
142.052
      1
rotate to world 
  0.209887  -0.977656  0.0116866          0
  0.976144   0.210212  0.0543522          0
-0.0555944          0   0.998453          0
         0          0          0          1
pose to world? 
-27.8568
 1365.98
 68.2393
       1
yaw 	-1.359
pitch 	0.0556231
pos camera 
1171.87
229.383
105.843
      1
pos gimbal? 
1271.87
299.383
145.843
      1
rotate to world 
    0.2104  -0.977523  0.0134574          0
  0.975529    0.21083  0.0623958          0
-0.0638306          0   0.997961          0
         0          0          0          1
pose to world? 
-23.0884
 1312.97
 64.3615
       1
yaw 	-1.35837
pitch 	0.063874
pos camera 
1131.05
216.795
107.332
      1
pos gimbal? 
1231.05
286.795
147.332
      1
rotate to world 
  0.220254  -0.975315  0.0157574          0
  0.972829   0.220817  0.0695982          0
-0.0713597          0   0.997451          0
         0          0          0          1
pose to world? 
-6.25078
 1271.18
  59.109
       1
yaw 	-1.34814
pitch 	0.0714204
pos camera 
1164.98
214.428
121.485
      1
pos gimbal? 
1264.98
284.428
161.485
      1
rotate to world 
  0.220196  -0.975311  0.0168123          0
   0.97248   0.220837  0.0742503          0
-0.0761299          0   0.997098          0
         0          0          0          1
pose to world? 
3.85236
1304.97
64.7139
      1
yaw 	-1.34812
pitch 	0.0762036
pos camera 
1248.43
228.322
 137.32
      1
pos gimbal? 
1348.43
298.322
 177.32
      1
rotate to world 
  0.227978  -0.973499  0.0180662          0
  0.970456   0.228693  0.0769039          0
-0.0789975          0   0.996875          0
         0          0          0          1
pose to world? 
20.2011
1390.46
 70.243
      1
yaw 	-1.34006
pitch 	0.0790799
pos camera 
1246.41
221.828
 142.14
      1
pos gimbal? 
1346.41
291.828
 182.14
      1
rotate to world 
  0.229908  -0.973027  0.0190105          0
  0.969717   0.230692  0.0801837          0
-0.0824064          0   0.996599          0
         0          0          0          1
pose to world? 
29.0554
1387.56
 70.568
      1
yaw 	-1.33801
pitch 	0.0825
pos camera 
1163.65
201.039
135.677
      1
pos gimbal? 
1263.65
271.039
175.677
      1
rotate to world 
   0.23588  -0.971576  0.0200396          0
  0.968088    0.23673  0.0822457          0
-0.0846518          0   0.996411          0
         0          0          0          1
pose to world? 
38.2562
1301.94
68.0763
      1
yaw 	-1.3318
pitch 	0.0847533
pos camera 
1251.75
205.677
151.242
      1
pos gimbal? 
1351.75
275.677
191.242
      1
rotate to world 
  0.244532  -0.969416  0.0208833          0
    0.9659   0.245422  0.0824887          0
-0.0850911          0   0.996373          0
         0          0          0          1
pose to world? 
 67.294
1389.09
75.5265
      1
yaw 	-1.32284
pitch 	0.0851941
pos camera 
 1222.4
193.186
148.377
      1
pos gimbal? 
 1322.4
263.186
188.377
      1
rotate to world 
  0.254763  -0.966783  0.0206676          0
  0.963617   0.255599  0.0781733          0
-0.0808593          0   0.996726          0
         0          0          0          1
pose to world? 
86.3477
1356.28
80.8315
      1
yaw 	-1.31233
pitch 	0.0809476
pos camera 
1156.12
174.372
137.582
      1
pos gimbal? 
1256.12
244.372
177.582
      1
rotate to world 
 0.261609 -0.964917 0.0222742         0
 0.961438  0.262556 0.0818596         0
-0.084836         0  0.996395         0
        0         0         0         1
pose to world? 
96.7692
1286.38
70.3776
      1
yaw 	-1.30513
pitch 	0.084938
pos camera 
1228.49
176.582
145.136
      1
pos gimbal? 
1328.49
246.582
185.136
      1
rotate to world 
  0.268477  -0.963041  0.0217268          0
  0.959903   0.269355  0.0776811          0
-0.0806623          0   0.996741          0
         0          0          0          1
pose to world? 
123.223
1356.02
77.3733
      1
yaw 	-1.29807
pitch 	0.08075
pos camera 
1233.68
166.944
145.671
      1
pos gimbal? 
1333.68
236.944
185.671
      1
rotate to world 
  0.272917  -0.961817  0.0206085          0
  0.959086   0.273694  0.0724225          0
-0.0752975          0   0.997161          0
         0          0          0          1
pose to world? 
139.912
1357.41
84.7214
      1
yaw 	-1.29357
pitch 	0.0753689
pos camera 
1201.71
150.317
139.491
      1
pos gimbal? 
1301.71
220.317
179.491
      1
rotate to world 
  0.282961  -0.958874  0.0222059          0
  0.955935   0.283831  0.0750187          0
-0.0782362          0   0.996935          0
         0          0          0          1
pose to world? 
161.063
1320.35
77.0997
      1
yaw 	-1.28301
pitch 	0.0783162
pos camera 
1233.85
145.921
141.486
      1
pos gimbal? 
1333.85
215.921
181.486
      1
rotate to world 
  0.290355  -0.956669  0.0218659          0
  0.953968   0.291177  0.0718408          0
-0.0750948          0   0.997176          0
         0          0          0          1
pose to world? 
184.693
1348.36
80.8079
      1
yaw 	-1.27534
pitch 	0.0751655
pos camera 
1214.35
 129.44
136.105
      1
pos gimbal? 
1314.35
 199.44
176.105
      1
rotate to world 
  0.299602  -0.953794   0.022714          0
  0.951065   0.300462  0.0721038          0
-0.0755969          0   0.997138          0
         0          0          0          1
pose to world? 
207.556
1322.65
76.2404
      1
yaw 	-1.26562
pitch 	0.0756691
pos camera 
1298.49
122.003
139.305
      1
pos gimbal? 
1398.49
192.003
179.305
      1
rotate to world 
  0.309247  -0.950776  0.0197897          0
  0.948835    0.30988  0.0607189          0
-0.0638625          0   0.997959          0
         0          0          0          1
pose to world? 
253.474
1397.32
89.6283
      1
yaw 	-1.25573
pitch 	0.063906
pos camera 
1214.41
102.577
120.334
      1
pos gimbal? 
1314.41
172.577
160.334
      1
rotate to world 
  0.312829  -0.949624  0.0187725          0
  0.947919   0.313392  0.0568835          0
-0.0599011          0   0.998204          0
         0          0          0          1
pose to world? 
250.312
1309.16
81.3117
      1
yaw 	-1.25203
pitch 	0.059937
pos camera 
1231.48
97.0093
113.845
      1
pos gimbal? 
1331.48
167.009
153.845
      1
rotate to world 
  0.311529   -0.95008  0.0172795          0
  0.948621   0.312008  0.0526169          0
-0.0553816          0   0.998465          0
         0          0          0          1
pose to world? 
258.782
1323.28
79.8697
      1
yaw 	-1.25349
pitch 	0.0554099
pos camera 
1218.13
92.8675
106.724
      1
pos gimbal? 
1318.13
162.867
146.724
      1
rotate to world 
  0.304659  -0.952373  0.0129553          0
  0.951513   0.304935  0.0404621          0
-0.0424856          0   0.999097          0
         0          0          0          1
pose to world? 
 248.37
1309.82
90.5906
      1
yaw 	-1.26093
pitch 	0.0424984
pos camera 
1271.78
105.409
97.5869
      1
pos gimbal? 
1371.78
175.409
137.587
      1
rotate to world 
 0.291712 -0.956426 0.0123624         0
 0.955569  0.291973  0.040496         0
-0.042341         0  0.999103         0
        0         0         0         1
pose to world? 
  234.1
1367.62
79.3809
      1
yaw 	-1.27451
pitch 	0.0423536
pos camera 
1262.14
119.454
92.7178
      1
pos gimbal? 
1362.14
189.454
132.718
      1
rotate to world 
  0.284551  -0.958591  0.0115349          0
  0.957805   0.284785  0.0388267          0
-0.0405039          0   0.999179          0
         0          0          0          1
pose to world? 
 207.52
1363.77
 77.437
      1
yaw 	-1.28201
pitch 	0.0405149
pos camera 
1238.01
136.171
91.7056
      1
pos gimbal? 
1338.01
206.171
131.706
      1
rotate to world 
  0.280387  -0.959818  0.0115097          0
   0.95901   0.280623  0.0393668          0
-0.0410148          0   0.999159          0
         0          0          0          1
pose to world? 
178.789
 1346.2
76.7166
      1
yaw 	-1.28635
pitch 	0.0410264
pos camera 
1287.83
 147.77
97.6723
      1
pos gimbal? 
1387.83
 217.77
137.672
      1
rotate to world 
 0.281598 -0.959458 0.0119536         0
 0.958595  0.281852 0.0406916         0
-0.042411         0    0.9991         0
        0         0         0         1
pose to world? 
183.514
1397.35
78.6893
      1
yaw 	-1.28507
pitch 	0.0424237
pos camera 
1457.26
 171.62
  114.8
      1
pos gimbal? 
1557.26
 241.62
  154.8
      1
rotate to world 
  0.288771  -0.957297  0.0139478          0
  0.956182   0.289107  0.0461841          0
-0.0482443          0   0.998836          0
         0          0          0          1
pose to world? 
220.548
1566.03
79.4906
      1
yaw 	-1.2775
pitch 	0.0482631
pos camera 
1328.51
152.316
107.945
      1
pos gimbal? 
1428.51
222.316
147.945
      1
rotate to world 
  0.301876  -0.953219  0.0156308          0
  0.951944    0.30228  0.0492904          0
-0.0517095          0   0.998662          0
         0          0          0          1
pose to world? 
221.629
1434.35
73.8792
      1
yaw 	-1.26371
pitch 	0.0517325
pos camera 
1089.22
109.156
93.4401
      1
pos gimbal? 
1189.22
179.156
 133.44
      1
rotate to world 
  0.320219  -0.947196  0.0166921          0
  0.945912   0.320654  0.0493076          0
-0.0520564          0   0.998644          0
         0          0          0          1
pose to world? 
213.343
1188.93
71.3526
      1
yaw 	-1.24438
pitch 	0.0520799
pos camera 
1298.37
103.596
108.879
      1
pos gimbal? 
1398.37
173.596
148.879
      1
rotate to world 
  0.338555   -0.94078  0.0177189          0
  0.939494   0.339018  0.0491703          0
-0.0522654          0   0.998633          0
         0          0          0          1
pose to world? 
312.749
1379.94
75.5889
      1
yaw 	-1.22492
pitch 	0.0522892
pos camera 
1410.99
84.4444
119.118
      1
pos gimbal? 
1510.99
154.444
159.118
      1
rotate to world 
  0.358579  -0.933306  0.0190114          0
  0.931997   0.359083  0.0494134          0
-0.0529445          0   0.998597          0
         0          0          0          1
pose to world? 
400.691
1471.56
78.8958
      1
yaw 	-1.20351
pitch 	0.0529692
pos camera 
1314.73
50.9917
112.171
      1
pos gimbal? 
1414.73
120.992
152.171
      1
rotate to world 
  0.382546  -0.923727  0.0196727          0
  0.922508   0.383052  0.0474406          0
-0.0513578          0    0.99868          0
         0          0          0          1
pose to world? 
432.431
1358.67
79.3132
      1
yaw 	-1.1777
pitch 	0.0513804
pos camera 
1250.22
11.8525
106.525
      1
pos gimbal? 
1350.22
81.8525
146.525
      1
rotate to world 
   0.40176  -0.915538   0.019462          0
  0.914466   0.402231  0.0442984          0
-0.0483851          0   0.998829          0
         0          0          0          1
pose to world? 
470.375
1274.14
81.0235
      1
yaw 	-1.15684
pitch 	0.048404
pos camera 
1289.05
-19.422
107.383
      1
pos gimbal? 
1389.05
 50.578
147.383
      1
rotate to world 
   0.42092  -0.906886  0.0196132          0
  0.905903   0.421376  0.0422116          0
-0.0465456          0   0.998916          0
         0          0          0          1
pose to world? 
  541.7
1285.88
82.5694
      1
yaw 	-1.13583
pitch 	0.0465624
pos camera 
 1301.17
-48.2465
 110.352
       1
pos gimbal? 
1401.17
21.7535
150.352
      1
rotate to world 
 0.435574 -0.899926 0.0202154         0
 0.898958  0.436043 0.0417215         0
-0.046361         0  0.998925         0
        0         0         0         1
pose to world? 
593.774
1275.35
85.2304
      1
yaw 	-1.1196
pitch 	0.0463777
pos camera 
 1309.58
-74.9468
 110.961
       1
pos gimbal? 
 1409.58
-4.94681
 150.961
       1
rotate to world 
  0.444366  -0.895617   0.020209          0
  0.894692   0.444826   0.040689          0
-0.0454312          0   0.998967          0
         0          0          0          1
pose to world? 
 633.85
1265.08
86.7658
      1
yaw 	-1.10982
pitch 	0.0454469
pos camera 
 1437.39
-109.459
 124.232
       1
pos gimbal? 
1537.39
-39.459
164.232
      1
rotate to world 
  0.445118  -0.895236  0.0205643          0
  0.894282   0.445592  0.0413156          0
-0.0461505          0   0.998934          0
         0          0          0          1
pose to world? 
 723.02
1364.06
93.1057
      1
yaw 	-1.10896
pitch 	0.0461669
pos camera 
  1384.3
-110.363
 120.749
       1
pos gimbal? 
 1484.3
-40.363
160.749
      1
rotate to world 
  0.440862  -0.897329  0.0210101          0
  0.896312   0.441362  0.0427154          0
-0.0476028          0   0.998866          0
         0          0          0          1
pose to world? 
693.967
1319.45
89.9101
      1
yaw 	-1.11368
pitch 	0.0476208
pos camera 
1233.09
-97.757
108.813
      1
pos gimbal? 
1333.09
-27.757
148.813
      1
rotate to world 
  0.432825  -0.901258  0.0198979          0
  0.900307   0.433282   0.041389          0
-0.0459235          0   0.998945          0
         0          0          0          1
pose to world? 
604.973
1194.32
87.4362
      1
yaw 	-1.12266
pitch 	0.0459397
pos camera 
 1395.98
-95.0425
 127.072
       1
pos gimbal? 
 1495.98
-25.0425
 167.072
       1
rotate to world 
  0.423522  -0.905671  0.0197338          0
  0.904689   0.423981  0.0421535          0
-0.0465439          0   0.998916          0
         0          0          0          1
pose to world? 
659.555
1349.82
97.2622
      1
yaw 	-1.13296
pitch 	0.0465608
pos camera 
 1213.11
-70.0898
 110.835
       1
pos gimbal? 
   1313.11
-0.0898056
   150.835
         1
rotate to world 
  0.415883  -0.909194  0.0201618          0
  0.908128   0.416372  0.0440257          0
-0.0484227          0   0.998827          0
         0          0          0          1
pose to world? 
549.225
1199.08
87.0737
      1
yaw 	-1.14135
pitch 	0.0484416
pos camera 
 1311.13
-59.7356
 118.375
       1
pos gimbal? 
1411.13
10.2644
158.375
      1
rotate to world 
  0.411901  -0.910971  0.0216424          0
  0.909716    0.41247  0.0477988          0
-0.0524702          0   0.998622          0
         0          0          0          1
pose to world? 
575.323
1295.53
84.1147
      1
yaw 	-1.14563
pitch 	0.0524943
pos camera 
 1304.73
-51.7104
 118.706
       1
pos gimbal? 
1404.73
18.2896
158.706
      1
rotate to world 
  0.412099  -0.910872  0.0220679          0
  0.909569   0.412689  0.0487075          0
-0.0534735          0   0.998569          0
         0          0          0          1
pose to world? 
 565.73
1292.98
83.3631
      1
yaw 	-1.14539
pitch 	0.053499
pos camera 
 1288.37
-48.0571
 117.959
       1
pos gimbal? 
1388.37
21.9429
157.959
      1
rotate to world 
  0.413773  -0.910106   0.022322          0
  0.908785   0.414375  0.0490267          0
-0.0538691          0   0.998548          0
         0          0          0          1
pose to world? 
558.025
1278.56
82.9398
      1
yaw 	-1.14354
pitch 	0.0538952
pos camera 
 1253.44
-48.5023
 116.933
       1
pos gimbal? 
1353.44
21.4977
156.933
      1
rotate to world 
  0.414936  -0.909576  0.0223649          0
  0.908257   0.415538  0.0489548          0
-0.0538215          0   0.998551          0
         0          0          0          1
pose to world? 
545.545
1245.88
83.8621
      1
yaw 	-1.14226
pitch 	0.0538476
pos camera 
 1409.64
-56.3668
 132.366
       1
pos gimbal? 
1509.64
13.6332
172.366
      1
rotate to world 
 0.414894 -0.909577 0.0230634         0
 0.908175  0.415535 0.0504842         0
-0.055503         0  0.998459         0
        0         0         0         1
pose to world? 
617.915
1385.38
88.3113
      1
yaw 	-1.14227
pitch 	0.0555315
pos camera 
 1298.96
-47.9388
 124.244
       1
pos gimbal? 
1398.96
22.0612
164.244
      1
rotate to world 
  0.414966  -0.909544  0.0230814          0
   0.90814   0.415608  0.0505129          0
-0.0555365          0   0.998457          0
         0          0          0          1
pose to world? 
564.249
1287.92
86.2969
      1
yaw 	-1.14219
pitch 	0.0555651
pos camera 
 1338.35
-50.6425
 129.687
       1
pos gimbal? 
1438.35
19.3575
169.687
      1
rotate to world 
  0.415015  -0.909504  0.0237914          0
  0.908013   0.415696  0.0520532          0
-0.0572326          0   0.998361          0
         0          0          0          1
pose to world? 
583.368
1322.92
87.0886
      1
yaw 	-1.14209
pitch 	0.0572639
pos camera 
 1304.33
-48.9618
  126.43
       1
pos gimbal? 
1404.33
21.0382
 166.43
      1
rotate to world 
  0.415392  -0.909289  0.0253636          0
  0.907599   0.416165  0.0554174          0
-0.0609459          0   0.998141          0
         0          0          0          1
pose to world? 
568.437
1292.54
80.5332
      1
yaw 	-1.14157
pitch 	0.0609837
pos camera 
 963.872
-41.5327
 98.3079
       1
pos gimbal? 
1063.87
28.4673
138.308
      1
rotate to world 
  0.416803  -0.908619  0.0262078          0
  0.906828   0.417626  0.0570196          0
-0.0627541          0   0.998029          0
         0          0          0          1
pose to world? 
421.184
984.524
 71.273
      1
yaw 	-1.13997
pitch 	0.0627954
pos camera 
 931.487
-40.5688
 97.0692
       1
pos gimbal? 
1031.49
29.4312
137.069
      1
rotate to world 
  0.418705  -0.907736  0.0264839          0
  0.905926   0.419542  0.0573016          0
-0.0631258          0   0.998006          0
         0          0          0          1
pose to world? 
408.803
954.653
71.6823
      1
yaw 	-1.13786
pitch 	0.0631678
pos camera 
1262.64
-52.187
130.099
      1
pos gimbal? 
1362.64
 17.813
170.099
      1
rotate to world 
  0.421167  -0.906582   0.026965          0
   0.90473   0.422029  0.0579248          0
-0.0638936          0   0.997957          0
         0          0          0          1
pose to world? 
562.337
1250.19
82.6871
      1
yaw 	-1.13511
pitch 	0.0639372
pos camera 
 1014.26
-46.9379
 109.501
       1
pos gimbal? 
1114.26
23.0621
149.501
      1
rotate to world 
  0.424421  -0.905021   0.028361          0
  0.903007   0.425368  0.0603414          0
-0.0666741          0   0.997775          0
         0          0          0          1
pose to world? 
456.282
1025.01
74.8765
      1
yaw 	-1.13143
pitch 	0.0667236
pos camera 
 1162.83
-61.6454
  130.21
       1
pos gimbal? 
1262.83
8.35458
 170.21
      1
rotate to world 
  0.427039  -0.903721  0.0304441          0
  0.901433   0.428123  0.0642642          0
-0.0711107          0   0.997468          0
         0          0          0          1
pose to world? 
 536.91
1152.87
79.9782
      1
yaw 	-1.12838
pitch 	0.0711708
pos camera 
 1047.91
-57.0449
 119.258
       1
pos gimbal? 
1147.91
12.9551
159.258
      1
rotate to world 
  0.429094  -0.902699  0.0318317          0
  0.900225   0.430273  0.0667818          0
-0.0739802          0    0.99726          0
         0          0          0          1
pose to world? 
485.936
1049.58
73.8997
      1
yaw 	-1.126
pitch 	0.0740478
pos camera 
 1219.76
-70.5678
 138.564
       1
pos gimbal? 
  1319.76
-0.567791
  178.564
        1
rotate to world 
 0.430619  -0.90198 0.0316018         0
 0.899561  0.431777  0.066016         0
 -0.07319         0  0.997318         0
        0         0         0         1
pose to world? 
574.468
1198.75
81.4917
      1
yaw 	-1.12433
pitch 	0.0732555
pos camera 
1129.36
 -67.98
132.661
      1
pos gimbal? 
1229.36
2.01996
172.661
      1
rotate to world 
  0.430858  -0.901884  0.0311018          0
  0.899543   0.431979  0.0649342          0
-0.0719985          0   0.997405          0
         0          0          0          1
pose to world? 
533.228
1117.95
83.7012
      1
yaw 	-1.12411
pitch 	0.0720608
pos camera 
 984.624
-59.4348
 115.911
       1
pos gimbal? 
1084.62
10.5652
155.911
      1
rotate to world 
  0.431073  -0.901784  0.0309959          0
  0.899462   0.432186  0.0646749          0
-0.0717188          0   0.997425          0
         0          0          0          1
pose to world? 
462.858
990.228
77.7219
      1
yaw 	-1.12388
pitch 	0.0717804
pos camera 
 1004.97
-60.7035
 118.241
       1
pos gimbal? 
1104.97
9.29646
158.241
      1
rotate to world 
  0.430845    -0.9019  0.0308119          0
  0.899602   0.431945  0.0643351          0
-0.0713329          0   0.997453          0
         0          0          0          1
pose to world? 
472.561
1008.23
79.0176
      1
yaw 	-1.12415
pitch 	0.0713935
pos camera 
 1197.83
-76.2579
 139.863
       1
pos gimbal? 
 1297.83
-6.25789
 179.863
       1
rotate to world 
  0.430604  -0.902004  0.0311476          0
  0.899653   0.431729  0.0650761          0
-0.0721461          0   0.997394          0
         0          0          0          1
pose to world? 
570.095
 1176.6
85.7613
      1
yaw 	-1.12439
pitch 	0.0722089
pos camera 
1211.25
-73.501
139.934
      1
pos gimbal? 
 1311.25
-3.50105
 179.934
       1
rotate to world 
  0.430662  -0.901968  0.0313703          0
  0.899585   0.431803  0.0655276          0
-0.0726496          0   0.997358          0
         0          0          0          1
pose to world? 
573.506
1189.86
84.1969
      1
yaw 	-1.12431
pitch 	0.0727136
pos camera 
 1251.08
-75.3733
 143.556
       1
pos gimbal? 
 1351.08
-5.37334
 183.556
       1
rotate to world 
  0.430859  -0.901888   0.030953          0
   0.89957   0.431969  0.0646253          0
-0.0716556          0   0.997429          0
         0          0          0          1
pose to world? 
592.654
1224.93
86.2714
      1
yaw 	-1.12412
pitch 	0.071717
pos camera 
  1245.6
-78.0121
 141.571
       1
pos gimbal? 
  1345.6
-8.01208
 181.571
       1
rotate to world 
  0.430983  -0.901849  0.0303735          0
  0.899617   0.432052  0.0634004          0
-0.0703005          0   0.997526          0
         0          0          0          1
pose to world? 
592.671
1218.57
86.5255
      1
yaw 	-1.12403
pitch 	0.0703585
pos camera 
  1250.7
-77.8701
 141.562
       1
pos gimbal? 
  1350.7
-7.87012
 181.562
       1
rotate to world 
  0.431228  -0.901767  0.0293067          0
  0.899691   0.432223  0.0611438          0
-0.0678045          0   0.997699          0
         0          0          0          1
pose to world? 
594.878
1222.91
89.5611
      1
yaw 	-1.12384
pitch 	0.0678566
pos camera 
 1248.17
-77.0949
 140.247
       1
pos gimbal? 
 1348.17
-7.09487
 180.247
       1
rotate to world 
 0.431558 -0.901624 0.0288539         0
 0.899615  0.432522 0.0601482         0
-0.066711         0  0.997772         0
        0         0         0         1
pose to world? 
593.411
1220.61
89.9076
      1
yaw 	-1.12351
pitch 	0.0667605
pos camera 
1219.97
-75.175
136.969
      1
pos gimbal? 
 1319.97
-5.17505
 176.969
       1
rotate to world 
  0.432047  -0.901376  0.0292696          0
  0.899315   0.433037  0.0609252          0
-0.0675914          0   0.997713          0
         0          0          0          1
pose to world? 
580.135
1195.61
 87.346
      1
yaw 	-1.12294
pitch 	0.0676429
pos camera 
    1268
-79.4159
 142.781
       1
pos gimbal? 
    1368
-9.41591
 182.781
       1
rotate to world 
  0.433015  -0.900911  0.0292737          0
   0.89886   0.434003  0.0607667          0
-0.0674503          0   0.997723          0
         0          0          0          1
pose to world? 
606.197
1236.66
90.0932
      1
yaw 	-1.12186
pitch 	0.0675015
pos camera 
  1262.6
-79.9793
  142.95
       1
pos gimbal? 
  1362.6
-9.97935
  182.95
       1
rotate to world 
  0.434264  -0.900302  0.0295037          0
  0.898232   0.435265  0.0610255          0
-0.0677833          0     0.9977          0
         0          0          0          1
pose to world? 
606.109
1230.75
90.1681
      1
yaw 	-1.12046
pitch 	0.0678353
pos camera 
 953.218
-58.0698
 108.972
       1
pos gimbal? 
1053.22
11.9302
148.972
      1
rotate to world 
 0.435316 -0.899789  0.029653         0
 0.897709  0.436324 0.0611506         0
-0.067961         0  0.997688         0
        0         0         0         1
pose to world? 
452.165
959.798
77.0499
      1
yaw 	-1.11929
pitch 	0.0680134
pos camera 
 1216.39
-76.5112
 137.763
       1
pos gimbal? 
 1316.39
-6.51116
 177.763
       1
rotate to world 
 0.435604  -0.89965 0.0296534         0
 0.897572  0.436613 0.0611015         0
-0.067917         0  0.997691         0
        0         0         0         1
pose to world? 
584.553
1189.57
87.9478
      1
yaw 	-1.11897
pitch 	0.0679693
pos camera 
864.694
-54.838
100.667
      1
pos gimbal? 
964.694
 15.162
140.667
      1
rotate to world 
 0.435552 -0.899658 0.0301508         0
  0.89751  0.436595 0.0621295         0
-0.069059         0  0.997613         0
        0         0         0         1
pose to world? 
410.775
881.183
73.7102
      1
yaw 	-1.11899
pitch 	0.069114
pos camera 
 1058.11
-67.9194
 123.958
       1
pos gimbal? 
1158.11
2.08059
163.958
      1
rotate to world 
  0.435602  -0.899632  0.0302244          0
  0.897474    0.43665  0.0622714          0
-0.0692188          0   0.997602          0
         0          0          0          1
pose to world? 
 507.56
1050.49
83.4015
      1
yaw 	-1.11893
pitch 	0.0692742
pos camera 
 1211.57
-76.0064
 137.995
       1
pos gimbal? 
 1311.57
-6.00638
 177.995
       1
rotate to world 
   0.43574  -0.899547  0.0307458          0
  0.897316   0.436824  0.0633145          0
-0.0703849          0    0.99752          0
         0          0          0          1
pose to world? 
582.378
1185.54
85.2386
      1
yaw 	-1.11873
pitch 	0.0704432
pos camera 
 1205.91
-75.7007
 137.854
       1
pos gimbal? 
 1305.91
-5.70069
 177.854
       1
rotate to world 
 0.435818  -0.89951 0.0307373         0
 0.897281  0.436901 0.0632832         0
-0.070353         0  0.997522         0
        0         0         0         1
pose to world? 
579.732
1180.53
85.5386
      1
yaw 	-1.11865
pitch 	0.0704112
pos camera 
 1207.69
-75.8932
 138.387
       1
pos gimbal? 
1307.69
-5.8932
178.387
      1
rotate to world 
 0.435942 -0.899452 0.0306674         0
 0.897235  0.437019 0.0631181         0
-0.070174         0  0.997535         0
        0         0         0         1
pose to world? 
580.848
1181.99
86.1813
      1
yaw 	-1.11851
pitch 	0.0702317
pos camera 
 1198.98
-75.3788
 138.102
       1
pos gimbal? 
 1298.98
-5.37881
 178.102
       1
rotate to world 
  0.436026  -0.899404  0.0308847          0
  0.897156   0.437119  0.0635474          0
-0.0706551          0   0.997501          0
         0          0          0          1
pose to world? 
576.727
1174.35
85.8778
      1
yaw 	-1.1184
pitch 	0.070714
pos camera 
 1242.87
-80.6987
 149.236
       1
pos gimbal? 
 1342.87
-10.6987
 189.236
       1
rotate to world 
   0.43598  -0.899389  0.0319534          0
  0.896983    0.43715  0.0657408          0
-0.0730949          0   0.997325          0
         0          0          0          1
pose to world? 
601.132
1212.29
90.5729
      1
yaw 	-1.11837
pitch 	0.0731602
pos camera 
 1334.91
-83.0483
 157.368
       1
pos gimbal? 
 1434.91
-13.0483
 197.368
       1
rotate to world 
  0.435905  -0.899395  0.0328071          0
  0.896858   0.437138  0.0674994          0
-0.0750498          0    0.99718          0
         0          0          0          1
pose to world? 
643.695
1294.53
89.1221
      1
yaw 	-1.11838
pitch 	0.0751204
pos camera 
 1319.94
-81.2675
 156.178
       1
pos gimbal? 
 1419.94
-11.2675
 196.178
       1
rotate to world 
  0.435932  -0.899355  0.0335305          0
  0.896706    0.43722  0.0689717          0
-0.0766902          0   0.997055          0
         0          0          0          1
pose to world? 
635.709
1281.87
86.7051
      1
yaw 	-1.11829
pitch 	0.0767655
pos camera 
 1334.47
-85.9013
 161.404
       1
pos gimbal? 
 1434.47
-15.9013
 201.404
       1
rotate to world 
 0.436307 -0.899204 0.0326738         0
 0.896694  0.437529 0.0671508         0
-0.074678         0  0.997208         0
        0         0         0         1
pose to world? 
646.749
1292.85
93.7179
      1
yaw 	-1.11795
pitch 	0.0747476
pos camera 
  1334.7
-85.6194
 161.268
       1
pos gimbal? 
  1434.7
-15.6194
 201.268
       1
rotate to world 
  0.436878  -0.898946  0.0321522          0
  0.896521   0.438059  0.0659799          0
-0.0733969          0   0.997303          0
         0          0          0          1
pose to world? 
647.299
1292.67
95.4229
      1
yaw 	-1.11736
pitch 	0.073463
pos camera 
920.406
-58.855
113.283
      1
pos gimbal? 
1020.41
 11.145
153.283
      1
rotate to world 
 0.438349 -0.898208 0.0327467         0
 0.895712   0.43957 0.0669139         0
-0.074497         0  0.997221         0
        0         0         0         1
pose to world? 
442.303
929.146
76.8396
      1
yaw 	-1.11568
pitch 	0.0745661
pos camera 
 1017.56
-65.4668
 126.318
       1
pos gimbal? 
1117.56
4.53318
166.318
      1
rotate to world 
  0.442297  -0.896201  0.0346106          0
  0.893469   0.443649  0.0699157          0
-0.0780135          0   0.996952          0
         0          0          0          1
pose to world? 
495.989
1012.15
78.6265
      1
yaw 	-1.11113
pitch 	0.0780928
pos camera 
  920.81
-61.2722
 115.891
       1
pos gimbal? 
1020.81
 8.7278
155.891
      1
rotate to world 
  0.449885  -0.892301  0.0374421          0
  0.889227   0.451441  0.0740067          0
-0.0829391          0   0.996555          0
         0          0          0          1
pose to world? 
457.296
923.209
70.6883
      1
yaw 	-1.10242
pitch 	0.0830345
pos camera 
  1341.7
-99.9506
 170.685
       1
pos gimbal? 
  1441.7
-29.9506
 210.685
       1
rotate to world 
  0.461582  -0.886206  0.0397633          0
  0.882936   0.463291   0.076061          0
-0.0858277          0    0.99631          0
         0          0          0          1
pose to world? 
700.381
1275.07
86.1702
      1
yaw 	-1.08909
pitch 	0.0859334
pos camera 
 1325.84
-109.824
  169.69
       1
pos gimbal? 
 1425.84
-39.8235
  209.69
       1
rotate to world 
  0.476255  -0.878318  0.0416944          0
  0.874971   0.478077  0.0766005          0
-0.0872127          0    0.99619          0
         0          0          0          1
pose to world? 
722.782
1244.59
84.5401
      1
yaw 	-1.07233
pitch 	0.0873237
pos camera 
1167.69
-122.88
 156.54
      1
pos gimbal? 
 1267.69
-52.8805
  196.54
       1
rotate to world 
  0.497212  -0.866549  0.0432759          0
  0.863285   0.499092  0.0751378          0
-0.0867092          0   0.996234          0
         0          0          0          1
pose to world? 
 684.64
1082.75
85.8791
      1
yaw 	-1.04825
pitch 	0.0868182
pos camera 
 1249.07
-165.395
 167.921
       1
pos gimbal? 
 1349.07
-95.3947
 207.921
       1
rotate to world 
  0.513228  -0.857126  0.0439554          0
     0.854   0.515107  0.0731409          0
-0.0853327          0   0.996353          0
         0          0          0          1
pose to world? 
783.286
1118.18
92.0421
      1
yaw 	-1.02966
pitch 	0.0854366
pos camera 
 1267.63
-191.132
  167.58
       1
pos gimbal? 
 1367.63
-121.132
  207.58
       1
rotate to world 
  0.528313   -0.84788  0.0445487          0
  0.844882   0.530188  0.0712427          0
-0.0840244          0   0.996464          0
         0          0          0          1
pose to world? 
834.492
1106.06
91.9316
      1
yaw 	-1.01197
pitch 	0.0841236
pos camera 
 924.121
-158.331
 122.909
       1
pos gimbal? 
 1024.12
-88.3309
 162.909
       1
rotate to world 
