%YAML:1.0
---
camera_matrix: !!opencv-matrix
   rows: 3
   cols: 3
   dt: d
   data: [ 1.8030821999577165e+03, 0., 5.0685321009228124e+02, 0.,
       1.8017861237980783e+03, 4.6965796041516501e+02, 0., 0., 1. ]
distortion_coefficients: !!opencv-matrix
   rows: 1
   cols: 5
   dt: d
   data: [ -5.7858192304034051e-02, -2.7306835901148252e-01,
       -3.8264494141525881e-03, -1.2645372767373690e-03,
       2.1442541031381981e+00 ]
