%YAML:1.0
---
camera_matrix: !!opencv-matrix
   rows: 3
   cols: 3
   dt: d
   data: [ 1.7553620111165524e+03, 0., 7.2285945365656721e+02, 0.,
       1.7517472436992939e+03, 5.8023058731213791e+02, 0., 0., 1. ]
distortion_coefficients: !!opencv-matrix
   rows: 1
   cols: 5
   dt: d
   data: [ -4.8736404023694452e-01, 7.2822590754755767e-01,
       1.4753765514539524e-03, 2.2887911142459872e-04,
       -1.6147139874060465e+00 ]