%YAML:1.0
---
camera_matrix: !!opencv-matrix
   rows: 3
   cols: 3
   dt: d
   data: [ 1.7689783970591777e+03, 0., 7.3086444391371003e+02, 0.,
       1.7644491036536815e+03, 5.9118424419341113e+02, 0., 0., 1. ]
distortion_coefficients: !!opencv-matrix
   rows: 1
   cols: 5
   dt: d
   data: [ -1.2859058510214097e-01, 2.5462974046259212e-01,
       5.0780540845081837e-04, -6.9923115497245211e-04,
       -9.0843470148160643e-01 ]